687
504
111
791
769
820
248
270
830
589
281
795
267
651
425
607
588
552
795
101
707
587
616
444
576
101
681
219
546
313
101
609
232
295
508
847
656
817
806
251
194
825
171
411
440
328
739
469
202
669
609
592
423
373
520
241
101
737
535
359
810
242
260
514
551
513
101
101
542
389
234
338
278
402
468
176
781
101
593
499
836
107
209
101
440
293
130
601
499
101
822
780
484
166
117
497
235
801
531
232
101
750
505
700
437
315
699
738
101
714
685
707
626
306
130
692
537
726
763
166
570
376
487
597
274
593
289
603
682
583
105
768
680
635
703
659
529
834
694
244
269
814
602
298
349
665
472
101
155
444
396
756
681
667
299
461
182
671
113
415
463
426
101
732
138
565
708
189
697
443
797
811
101
179
494
101
376
835
744
105
523
163
757
721
476
563
691
101
449
142
201
706
623
305
478
656
612
736
143
801
526
760
627
371
752
266
488
801
296
734
743
409
393
521
592
101
567
413
623
800
230
678
302
360
283
554
317
276
352
750
819
101
101
112
522
378
101
666
295
408
397
780
812
495
232
275
701
767
345
741
