782
391
595
821
666
101
705
542
366
628
458
386
323
175
258
513
718
536
348
753
687
102
101
667
658
222
841
468
101
847
142
250
384
101
316
206
321
570
481
101
456
577
312
569
650
687
173
830
728
323
136
705
217
240
477
834
841
564
533
558
591
832
286
642
786
491
111
690
500
836
834
773
245
149
631
433
548
742
374
101
580
728
314
265
409
420
154
832
358
451
768
522
133
661
367
101
226
164
488
261
101
105
397
794
195
770
128
350
447
315
594
754
616
419
339
178
416
622
518
377
199
409
444
703
245
101
365
109
320
101
628
355
825
691
102
564
289
760
634
229
159
648
149
424
661
359
535
534
143
101
182
608
513
636
290
199
565
694
319
277
396
120
767
179
374
377
844
198
597
114
101
486
101
810
190
281
237
390
462
144
272
499
143
597
452
105
101
419
155
492
222
562
271
725
666
314
135
676
531
210
398
530
320
750
204
227
395
302
620
141
782
248
850
361
103
677
700
825
808
592
676
266
103
581
775
583
759
749
101
437
416
804
815
701
101
426
784
595
810
221
516
141
386
178
101
221
786
184
431
760
