114
101
687
847
331
694
343
333
203
775
103
397
101
558
221
101
330
286
173
584
601
734
181
670
330
650
697
744
669
371
250
152
496
101
101
352
465
843
101
690
101
729
691
502
101
261
587
264
290
144
101
631
310
789
805
812
540
669
194
130
358
101
388
626
101
528
455
731
790
415
734
774
285
652
655
743
516
350
830
256
101
101
488
530
193
851
803
185
101
405
852
830
563
791
753
374
513
676
272
512
757
791
808
778
522
793
730
542
189
214
267
655
755
785
279
521
416
603
555
101
687
162
334
785
281
101
369
277
798
450
475
116
107
672
513
706
163
683
821
820
415
167
628
101
555
636
101
111
627
154
761
571
346
370
564
552
138
500
307
324
494
565
764
778
199
689
256
152
557
101
756
506
340
341
848
658
809
361
835
400
566
624
170
560
363
132
334
727
156
167
241
368
382
289
101
385
593
794
120
752
211
777
410
657
563
598
317
830
101
314
452
842
101
814
119
170
821
114
484
412
207
294
143
266
636
377
525
231
793
330
377
606
101
812
101
559
394
655
686
341
497
166
213
333
817
680
206
296
140
673
