218
827
671
428
544
217
101
432
168
440
544
786
566
434
712
656
101
613
263
412
454
785
101
498
101
161
332
101
759
608
663
212
221
101
827
545
525
486
487
607
602
536
335
505
415
101
677
165
768
489
213
491
481
465
151
475
775
553
638
106
574
258
417
321
216
403
744
101
101
511
660
201
101
228
459
323
159
101
642
499
319
784
249
500
647
194
299
677
121
740
101
741
625
434
759
416
840
191
101
198
780
688
210
595
816
396
280
346
224
231
477
513
558
759
101
807
823
242
824
361
573
101
174
101
562
532
204
823
789
743
433
347
682
238
550
144
783
156
178
221
306
101
592
767
262
411
650
395
412
776
407
702
258
813
101
387
358
296
828
298
760
272
336
714
144
234
195
818
622
738
404
451
296
230
197
325
818
271
263
698
568
101
611
817
802
101
679
781
516
531
101
355
181
392
551
613
235
223
191
210
825
491
141
605
589
645
723
364
576
588
602
568
843
162
690
599
496
187
317
137
838
701
685
719
738
454
343
114
267
847
674
237
777
819
101
221
132
131
363
550
132
717
733
522
168
792
852
447
101
245
